1,2,420,170,60,65           //down
1,3,0,260,55,60             //left
1,4,55,260,55,60            //right
1,1,420,105,60,65           //up
1,10,150,270,65,50           //start
1,9,280,270,65,50          //select
1,11,0,0,0,0                //lpad
1,1,0,0,0,0                 //rpad
1,15,0,0,100,65           //X
1,13,0,130,100,65           //A
1,14,380,40,100,65         //B
1,16,0,65,100,65            //Y
2,0,150,0,175,50            //showkeyboard
3,65                        //opacity     
