
1,1,-1,278,30,50 //SPECKEY_1
1,2,32,278,30,50 //SPECKEY_2
1,3,64,278,30,50 //SPECKEY_3
1,4,95,278,30,50 //SPECKEY_4
1,5,127,278,30,50 //SPECKEY_5
1,6,158,278,30,50 //SPECKEY_6
1,7,190,278,30,50 //SPECKEY_7
1,8,222,278,30,50 //SPECKEY_8
1,9,253,278,30,50 //SPECKEY_9
1,0,283,278,36,50 //SPECKEY_0

1,26,0,328,30,50 //SPECKEY_Q
1,32,34,328,30,50 //SPECKEY_W
1,14,66,328,30,50 //SPECKEY_E
1,27,97,328,30,50 //SPECKEY_R
1,29,129,328,30,50 //SPECKEY_T
1,34,161,328,30,50 //SPECKEY_Y
1,30,193,328,30,50 //SPECKEY_U
1,18,225,328,30,50 //SPECKEY_I
1,24,257,328,30,50 //SPECKEY_O
1,25,290,328,30,50 //SPECKEY_P

1,10,2,378,30,50 //SPECKEY_A
1,28,36,378,30,50 //SPECKEY_S
1,13,68,378,30,50 //SPECKEY_D
1,15,100,378,30,50 //SPECKEY_F
1,16,133,378,30,50 //SPECKEY_G
1,17,165,378,30,50 //SPECKEY_H
1,19,197,378,30,50 //SPECKEY_J
1,20,230,378,30,50 //SPECKEY_K
1,21,261,378,30,50 //SPECKEY_L
1,37,295,378,30,50 //SPECKEY_ENTER

1,38,0,427,36,50 //SPECKEY_SHIFT
1,35,36,427,30,50 //SPECKEY_Z
1,33,66,427,30,50 //SPECKEY_X
1,12,96,427,30,50 //SPECKEY_C
1,31,127,427,30,50 //SPECKEY_V
1,11,158,427,30,50 //SPECKEY_B
1,23,188,427,30,50 //SPECKEY_N
1,22,218,427,30,50 //SPECKEY_M
1,39,249,427,30,50 //SPECKEY_SYMB
1,36,280,427,41,50 //SPECKEY_SPACE

2,0,0,0,320,240    //show controller
1,38,0,240,70,35   // SPECKEY_SHIFT 2
1,39,250,240,70,35  // SPECKEY_SYMB 2
3,255
