1,1,0,51,45,50 //SPECKEY_1
1,2,45,51,45,50 //SPECKEY_2
1,3,90,51,45,50 //SPECKEY_3
1,4,135,51,45,50 //SPECKEY_4
1,5,179,51,45,50 //SPECKEY_5
1,6,223,51,45,50 //SPECKEY_6
1,7,268,51,45,50 //SPECKEY_7
1,8,312,51,45,50 //SPECKEY_8
1,9,357,51,45,50 //SPECKEY_9
1,0,401,51,45,50 //SPECKEY_0

1,26,0,108,60,50 //SPECKEY_Q
1,32,60,108,45,50 //SPECKEY_W
1,14,105,108,45,50 //SPECKEY_E
1,27,149,108,45,50 //SPECKEY_R
1,29,193,108,45,50 //SPECKEY_T
1,34,239,108,45,50 //SPECKEY_Y
1,30,282,108,45,50 //SPECKEY_U
1,18,326,108,45,50 //SPECKEY_I
1,24,371,108,45,50 //SPECKEY_O
1,25,415,108,65,50 //SPECKEY_P

1,10,10,165,60,50   //SPECKEY_A
1,28,70,165,45,50   //SPECKEY_S
1,13,115,165,45,50 //SPECKEY_D
1,15,158,165,45,50 //SPECKEY_F
1,16,204,165,45,50 //SPECKEY_G
1,17,248,165,45,50 //SPECKEY_H
1,19,293,165,45,50 //SPECKEY_J
1,20,337,165,45,50 //SPECKEY_K
1,21,382,165,45,50 //SPECKEY_L
1,37,434,165,45,50 //SPECKEY_ENTER

1,38,0,225,45,50   //SPECKEY_SHIFT
1,35,47,221,45,50 //SPECKEY_Z
1,33,91,221,45,50 //SPECKEY_X
1,12,136,221,45,50 //SPECKEY_C
1,31,180,221,45,50 //SPECKEY_V
1,11,225,221,45,50 //SPECKEY_B
1,23,269,221,45,50 //SPECKEY_N
1,22,314,221,45,50 //SPECKEY_M
1,39,363,221,50,60 //SPECKEY_SYMB
1,36,412,221,65,50 //SPECKEY_SPACE

2,0,150,0,250,50 //showcontroller

3,250//230

