1,7,0,270,35,50	    //downleft
1,2,36,270,65,50	//down
1,8,102,270,35,50	//downright
1,3,0,220,70,49	    //left
1,4,71,220,70,49	//right
1,5,0,170,35,49	    //upleft
1,1,36,170,65,49	//up
1,6,102,170,35,49	//upright

1,14,410,0,75,320	//button right -> B

1,15,0,100,65,65	//button right -> X
1,14,65,100,65,65	//buttondown  --> B

1,16,0,35,65,65	//buton left  --> Y
1,13,65,35,65,65	//button up --> A

2,0,150,0,250,320     //showkeyboard

1,10,0,0,65,30	//start
1,9,65,0,65,30	//select

3,65                //opacity     
