1,7,0,380,35,50	    //downleft
1,2,36,380,65,50	//down
1,8,102,380,35,50	//downright
1,3,0,330,70,49	    //left
1,4,71,330,70,49	//right
1,5,0,280,35,49	    //upleft
1,1,36,280,65,49	//up
1,6,102,280,35,49	//upright
1,10,100,449,50,30	//start
1,9,165,449,50,30	//select
1,11,0,240,65,30	    //lpad
1,12,254,240,65,30	//rpad
1,15,211,390,55,50	//buttondown  --> X
1,13,160,330,55,54	//buton left  --> A
1,14,260,270,59,170	//button right -> B
1,16,211,271,55,58	//button up --> Y
2,0,0,0,320,240     //showkeyboard
3,255
